00110100001000010000000000010100
00110100010000100000000000010101
00110100011000110000000000000001
00000000010000110010000000100001
00111100000001000000000000001000
00111100000001010000000000001001
00000000101001000011000000100001
00000000100000110011100000100011
00000000001000100100000000100001
00000001000001110100100000100011
10101100001001100000000000000100
10101100010001110000000000000011
10001100001010100000000000000000
10001100001010110000000000000100
10101100001001000000000000000000
10001100011001011111111111111111
00110101101011010000000000000001
00000001011011010110000000100001
00000001100000110110000000100011
00010001011011001111111111111110
